V1	3	5.104964414562823	150.3	0	151.30000000001556	178.76309983001556	206.22619966000002	3	1	5	100001
V2	3	5.104964414562823	73	0	73.99999999997681	96.29643316997681	118.59286634	1	3	5	100001
V3	3	5.104964414562823	73	0	78.74999999999169	82.03109082399169	87.702181648	9	2	5	100001
V4	3	5.104964414562823	73	0	78.74999999999169	82.03109082399169	87.702181648	10	2	5	100001
V5	3	5.104964414562823	73	0	73.9999999999871	98.0742109399871	122.14842188	2	2	5	100001
V6	2	0.8953030009114055	33.4	0	122.60218164801331	125.56415598001331	129.396130312	9	2	5	100002
V7	2	0.8953030009114055	45.6	0	134.80218164796676	137.76415597996674	141.596130312	10	1	5	100002
V8	2	0.8953030009114055	45.6	0	128.29184722997024	146.49762089997023	164.70339457	4	1	5	100002
V9	2	0.8953030009114055	33.4	0	34.399999999965004	64.486073559965	82.69184723000001	4	2	5	100002
V10	2	0.8953030009114055	33.4	0	164.29613031199855	168.88419381499855	174.972257318	9	2	5	100002
V11	2	0.8953030009114055	33.4	0	155.5484218799924	180.45596615999239	200.93951760000002	2	2	5	100002
V12	2	0.8953030009114055	33.4	0	176.49613031196168	179.4369525279617	183.87777474400002	10	2	5	100002
V13	2	0.8953030009114055	45.6	0	222.0722573180402	227.7655237170402	234.95879011600002	9	1	5	100002
V14	2	0.8953030009114055	33.4	0	151.9928663399938	173.67818839999381	188.60618429000002	1	3	5	100002
V15	2	0.8953030009114055	33.4	0	218.77777474401393	221.90097266301393	226.524170582	10	2	5	100002
V16	2	0.8953030009114055	33.4	0	269.858790116026	272.981988035026	277.60518595400004	9	2	5	100002
V17	2	0.8953030009114055	33.4	0	222.00618429004032	240.2119579600403	258.41773162917025	1	2	5	100002
V18	2	0.8953030009114055	33.4	0	198.10339457000754	218.58694601000752	239.07049745067482	4	2	5	100002
V19	2	0.8953030009114055	33.4	0	261.4241705820036	265.11549216200365	270.30681374200003	10	2	5	100002
V20	2	0.8953030009114055	33.4	0	234.339456583694	249.267452473694	264.1954788728515	2	2	5	100002
V21	2	0.8953030009114055	45.6	0	284.670497439984	302.320715549984	319.97093366002576	4	1	5	100002
V22	2	0.8953030009114055	45.6	0	317.40681374199653	323.6057645819965	331.30471542199996	10	1	5	100002
V23	2	0.8953030009114055	33.4	0	312.505185953979	315.88534597097896	320.765505988	9	2	5	100002
V24	2	0.8953030009114055	33.4	0	239.62619965997683	266.08929948997684	288.12840649000003	3	2	5	100002
V25	2	0.8953030009114055	33.4	0	291.8177316378426	310.6901719678426	329.5626122978194	1	2	5	100002
V26	2	0.8953030009114055	45.6	0	344.8487114420464	362.8878184420464	345.873723381	2	1	5	100002
V27	2	0.8953030009114055	33.4	0	355.6655059880296	361.3587723870296	369.19203878599996	9	2	5	100001
V28	2	0.8953030009114055	33.4	0	200304.03450539606	200307.56559622005	375.40689706999996	10	2	5	100001
V29	2	0.8953030009114055	33.4	0	353.3709336600667	365.0767073300667	373.83582971902575	4	2	5	100001
V30	2	0.8953030009114055	33.4	0	200293.94332755005	200311.98243455004	363.58616888	3	2	5	100001
V31	2	0.8953030009114055	33.4	0	404.0920387788904	408.11219879589044	413.63235881285107	9	2	5	100001
V32	2	0.8953030009114055	33.4	0	362.96261229780106	380.6128304078011	404.79815246781936	1	3	5	100001
V33	1	0.3718281	21.1	0	366.97372338102565	383.87906082102563	400.784398261	2	3	5	100002
V34	1	0.3718281	21.1	0	384.68616888000406	409.48260205000406	426.38793949	3	2	5	100002
V35	1	0.3718281	21.1	0	398.00689706998816	402.58958901598817	408.03228096199996	10	2	5	100002
V36	1	0.3718281	21.1	0	430.63228096200584	432.96425529400585	436.796229626	10	1	5	100002
V37	1	0.3718281	21.1	0	436.2323588128643	442.56562521186424	449.7588916108511	9	2	5	100002
V38	1	0.3718281	21.1	0	421.88439826100233	447.97906082100235	474.07372338100004	2	2	5	100002
V39	1	0.3718281	21.1	0	459.39622962600686	465.08949602500684	472.282762424	10	2	5	100002
V40	1	0.3718281	21.1	0	394.9358297190177	425.4544851090177	451.5491476690258	4	2	5	100002
V41	1	0.3718281	21.1	0	447.4879394899718	465.89327692997176	484.29861437	3	2	5	100002
V42	1	0.3718281	21.1	0	425.89815246780773	437.4168078578077	440.1225815248194	1	1	5	100002
V43	1	0.3718281	21.1	0	472.358891610843	478.05215800984297	485.24542440885114	9	1	5	100002
V44	1	0.3718281	21.1	0	494.8827624240092	501.4259183710092	509.46907431799997	10	2	5	100002
V45	1	0.3718281	21.1	0	461.22258152482584	476.1505774148258	491.07857330481943	1	2	5	100002
V46	1	0.3718281	21.1	0	505.3986143700028	520.3266102600028	535.25460615	3	2	5	100002
V47	1	0.3718281	21.1	0	495.1737233810424	510.1017192710424	525.029715161	2	1	5	100002
V48	1	0.3718281	21.1	0	507.84542440886054	514.0602617698605	521.7750991308511	9	2	5	100002
V49	1	0.3718281	21.1	0	505.80691005804493	515.399365780045	518.5910700020258	4	2	5	100003
V50	1	0.3718281	21.1	0	472.6491476690176	480.1882546690176	484.7069100580258	4	2	5	100001
V51	1	0.3718281	21.1	0	544.3750991308113	548.7209599628113	554.5668207948511	9	2	5	100002
V52	1	0.3718281	21.1	0	563.1300417840068	568.8233081830068	576.016574582	10	2	5	100002
V53	1	0.3718281	21.1	0	532.0690743179887	535.5495580509887	540.530041784	10	2	5	100002
V54	1	0.3718281	21.1	0	512.178573304817	527.106569194817	542.0345650848194	1	1	5	100002
V55	1	0.3718281	21.1	0	546.1297151609621	561.0577110509621	575.9857069410001	2	3	5	100002
V56	1	0.3718281	21.1	0	598.6165745820336	604.3098409810336	612.14310738	10	2	5	100001
V57	1	0.3718281	21.1	0	539.6910700020081	577.6660324420081	603.7606950020258	4	2	5	100002
V58	1	0.3718281	21.1	0	577.1668207948584	580.2900187138584	585.5532166328511	9	2	5	100001
V59	1	0.3718281	21.1	0	563.1345650847898	581.5399025247898	599.9452399648195	1	2	5	100002
V60	1	0.3718281	21.1	0	556.3546061499987	578.3937131499988	600.4328201500001	3	2	5	100002
V61	1	0.3718281	21.1	0	634.743107380005	639.3257993260049	645.4084912719999	10	2	5	100001
V62	1	0.3718281	21.1	0	608.1532166328245	612.1315260038245	617.6098353748511	9	1	5	100001
V63	1	0.3718281	21.1	0	640.2098353748707	644.1881447458708	649.666454116851	9	2	5	100001
V64	1	0.3718281	21.1	0	597.0857069409658	600.7359250519658	611.4212471120001	2	2	5	100001
