INSTANCE 1
Each section starts with a number, representing lines to read. Lines starting with asterisc contain instance description.
1. Time to Stabilize NxM matrix (N=LSI groups, M=Age groups)
2. Factor of Severity PG Nx1 matrix (N=LSI groups)
3. Deterioration Function parameters matrix Nx3 (N=LSI groups, columns=kappa,w, phi)
4. Deterioration time PI Nx1 matrix (N=LSI groups)
5. Hospitals (id, location, appearance time, beds for g=1, beds for g=2, beds for g=3)
6. Vehicles with type (0=ambulance,1=helicopter), id, origin, appearance time, TD, TAT and TDS time.
7. Time stamps (hh:mm:ss) in seconds of periods to simulate
8. Casualties with assigned heliport, id, age, gravity, waiting time, appearance timestamp & distance to the heliport
*************************************************************
3
14.98    15.04    9.3
42    29.9    27.6
93.3    62.14    65
3
0.1    1    0.048    0.1
0.1    1.6    0.374    0.4
0.1    1.8    0.4    4.5
2
2880
360
6
1    100001    27660    23    30    20
2    100002    27660    24    21    0
3    100003    27660    24    21    0
4    100004    33960    16    19    0
5    100005    33960    24    21    0
6    100006    42360    25    22    0
11
0    1    100001    27660    1    1    0    0
0    2    100001    27660    1    1    0    0
0    3    100001    27660    1    1    0    0
0    4    100003    27660    1    1    0    0
0    5    100002    33960    1    1    0    0
0    6    100005    42360    1    1    0    0
0    7    100004    42360    1    1    0    0
0    8    100001    70560    1    1    0    0
1    1    300001    27660    1    5    0.75    0.75
1    2    300001    27660    1    5    0.75    0.75
1    3    300001    42360    1    5    0.75    0.75
7
27660    0.7
33960    0.7
42360    0.5
48360    0.5
56160    0.3
65760    0.3
70560    0.1
214
39060    1    1    3    27660    0.861974332
41040    2    3    3    27660    3.490324168
42010    3    2    3    27660    1.751090824
42010    4    2    3    27660    1.751090824
41070    5    2    3    27660    6.231909049
39060    6    2    2    27660    0.861974332
39060    7    1    2    27660    0.861974332
36030    8    1    2    27660    0.946105735
36030    9    2    2    27660    0.946105735
59088    10    2    2    27660    2.998063503
41050    11    2    2    27660    5.083155947
38080    12    2    2    27660    1.820822216
42050    13    1    2    27660    3.703266399
36010    14    3    2    27660    2.412212412
42060    15    2    2    27660    1.133197919
42060    16    2    2    27660    1.133197919
36030    17    2    2    27660    0.946105735
41050    18    2    2    27660    5.083155947
41030    19    2    2    27660    2.14132158
36010    20    2    2    27660    2.412212412
37090    21    1    2    27660    3.44454082
47020    22    1    2    27660    3.10895084
42030    23    2    2    27660    1.600160017
41030    24    2    2    27660    2.14132158
41020    25    2    2    27660    2.070781116
36020    26    1    2    27660    2.652691946
42050    27    2    2    27660    3.703266399
42010    28    2    2    27660    1.751090824
4230    29    2    2    27660    11.65764322
36020    30    2    2    27660    2.652691946
42030    31    2    2    27660    1.600160017
37090    32    3    2    27660    3.44454082
37050    33    3    1    27660    4.533156412
37050    34    2    1    27660    4.533156412
36020    35    2    1    27660    2.652691946
39060    36    1    1    27660    0.861974332
42050    37    2    1    27660    3.703266399
42050    38    2    1    27660    3.703266399
42050    39    2    1    27660    3.703266399
42050    40    2    1    27660    3.703266399
40040    41    2    1    27660    4.386059701
24010    42    1    1    27660    3.049963248
42050    43    1    1    27660    3.703266399
41050    44    2    1    27660    5.083155947
36010    45    2    1    27660    2.412212412
36010    46    2    1    27660    2.412212412
36010    47    1    1    27660    2.412212412
45020    48    2    1    27660    3.844837361
10010    49    2    1    27660    3.279338585
16020    50    2    1    27660    2.379951114
38030    51    2    1    27660    3.075860832
42050    52    2    1    27660    3.703266399
40030    53    2    1    27660    2.010483733
36010    54    1    1    27660    2.412212412
36010    55    3    1    27660    2.412212412
42050    56    2    1    27660    3.703266399
42050    57    2    1    27660    3.703266399
42060    58    2    1    27660    1.133197919
40040    59    2    1    27660    4.386059701
41030    60    2    1    27660    2.14132158
36020    61    2    1    27660    2.652691946
37020    62    1    1    27660    2.218309371
37020    63    2    1    27660    2.218309371
24090    64    2    1    27660    1.578556472
36010    65    2    3    33960    2.412212412
42060    66    2    3    33960    1.133197919
42050    67    2    2    33960    3.703266399
42050    68    1    2    33960    3.703266399
43020    69    2    2    33960    1.893305866
47010    70    2    2    33960    5.865415857
40030    71    1    2    33960    2.010483733
42030    72    2    2    33960    1.600160017
42050    73    2    2    33960    3.703266399
44030    74    2    2    33960    2.290858886
42050    75    2    2    33960    3.703266399
42050    76    2    2    33960    3.703266399
42060    77    2    2    33960    1.133197919
40030    78    1    2    33960    2.010483733
41050    79    1    2    33960    5.083155947
42020    80    2    2    33960    2.494279737
4050    81    2    2    33960    11.84354493
41070    82    2    2    33960    6.231909049
36020    83    2    2    33960    2.652691946
59088    84    2    2    33960    2.998063503
41010    85    2    2    33960    2.727490805
4030    86    2    2    33960    12.00801709
36020    87    2    2    33960    2.652691946
42020    88    2    2    33960    2.494279737
41040    89    1    1    33960    3.490324168
42010    90    2    1    33960    1.751090824
42010    91    2    1    33960    1.751090824
43010    92    2    1    33960    2.881298889
42010    93    2    1    33960    1.751090824
43010    94    1    1    33960    2.881298889
42010    95    2    1    33960    1.751090824
4230    96    1    1    33960    11.65764322
28040    97    2    1    33960    2.229424026
37060    98    2    1    33960    3.739264494
42050    99    1    1    33960    3.703266399
42050    100    2    1    33960    3.703266399
36030    101    2    1    33960    0.946105735
36030    102    2    1    33960    0.946105735
37040    103    2    1    33960    2.179594892
41040    104    2    1    33960    3.490324168
36010    105    2    1    33960    2.412212412
36010    106    2    1    33960    2.412212412
40020    107    2    1    33960    1.328773805
37040    108    2    1    33960    2.179594892
42010    109    2    3    42360    1.751090824
42010    110    2    2    42360    1.751090824
42010    111    2    2    42360    1.751090824
59088    112    1    2    42360    2.998063503
36020    113    3    2    42360    2.652691946
42050    114    2    2    42360    3.703266399
41040    115    2    2    42360    3.490324168
42060    116    1    2    42360    1.133197919
44020    117    2    2    42360    0.921447647
42030    118    2    2    42360    1.600160017
41030    119    2    2    42360    2.14132158
36020    120    2    2    42360    2.652691946
41010    121    2    2    42360    2.727490805
43030    122    1    2    42360    3.047487962
41070    123    2    2    42360    6.231909049
42050    124    2    2    42360    3.703266399
41030    125    2    2    42360    2.14132158
37040    126    2    2    42360    2.179594892
42050    127    2    2    42360    3.703266399
42010    128    1    1    42360    1.751090824
42050    129    1    1    42360    3.703266399
18030    130    2    1    42360    3.742364815
42050    131    2    1    42360    3.703266399
42050    132    2    1    42360    3.703266399
42050    133    1    1    42360    3.703266399
41040    134    1    1    42360    3.490324168
42060    135    2    1    42360    1.133197919
40030    136    1    1    42360    2.010483733
42060    137    2    1    42360    1.133197919
40030    138    2    1    42360    2.010483733
38090    139    1    1    42360    1.670392959
36020    140    1    1    42360    2.652691946
42050    141    1    1    42360    3.703266399
41010    142    2    1    42360    2.727490805
41010    143    2    1    42360    2.727490805
42050    144    1    1    42360    3.703266399
40050    145    2    1    42360    1.600612333
45020    146    1    1    42360    3.844837361
40050    147    2    1    42360    1.600612333
42050    148    1    1    42360    3.703266399
41040    149    2    1    42360    3.490324168
38060    150    1    3    48360    4.028663465
42060    151    1    3    48360    1.133197919
37080    152    2    2    48360    2.179950243
42040    153    2    2    48360    3.217642838
37090    154    1    2    48360    3.44454082
41030    155    2    2    48360    2.14132158
38060    156    3    2    48360    4.028663465
37080    157    2    2    48360    2.179950243
37080    158    1    2    48360    2.179950243
42050    159    2    2    48360    3.703266399
42010    160    2    2    48360    1.751090824
42010    161    2    2    48360    1.751090824
36020    162    2    2    48360    2.652691946
37060    163    1    2    48360    3.739264494
36020    164    2    2    48360    2.652691946
36020    165    2    2    48360    2.652691946
37080    166    2    2    48360    2.179950243
42020    167    2    1    48360    2.494279737
42010    168    2    1    48360    1.751090824
4230    169    2    1    48360    11.65764322
42020    170    2    1    48360    2.494279737
38090    171    2    1    48360    1.670392959
42050    172    2    1    48360    3.703266399
41030    173    1    1    48360    2.14132158
36020    174    2    1    48360    2.652691946
42010    175    2    1    48360    1.751090824
36010    176    2    1    48360    2.412212412
36020    177    2    1    48360    2.652691946
36020    178    1    1    48360    2.652691946
4050    179    2    1    48360    11.84354493
36010    180    2    1    48360    2.412212412
36020    181    2    3    56160    2.652691946
38060    182    2    2    56160    4.028663465
42050    183    2    2    56160    3.703266399
42010    184    2    2    56160    1.751090824
41030    185    1    2    56160    2.14132158
42050    186    2    2    56160    3.703266399
43010    187    2    2    56160    2.881298889
41030    188    2    2    56160    2.14132158
40050    189    2    2    56160    1.600612333
42010    190    1    2    56160    1.751090824
43030    191    1    2    56160    3.047487962
42040    192    2    2    56160    3.217642838
42060    193    2    2    56160    1.133197919
39060    194    2    1    56160    0.861974332
40040    195    2    1    56160    4.386059701
39060    196    2    1    56160    0.861974332
37090    197    1    1    56160    3.44454082
36010    198    2    2    65760    2.412212412
41040    199    2    2    65760    3.490324168
42010    200    2    2    65760    1.751090824
44020    201    1    2    65760    0.921447647
36010    202    2    2    65760    2.412212412
36030    203    2    2    65760    0.946105735
42050    204    2    2    65760    3.703266399
42050    205    2    1    65760    3.703266399
41030    206    2    1    65760    2.14132158
40040    207    2    1    65760    4.386059701
41030    208    2    1    65760    2.14132158
41040    209    2    1    65760    3.490324168
42050    210    2    2    70560    3.703266399
42050    211    3    2    70560    3.703266399
42050    212    2    2    70560    3.703266399
37090    213    2    1    70560    3.44454082
42010    214    2    1    70560    1.751090824

